2.263001534995999986e+00
2.258887560453382903e+00
2.254113293653666528e+00
2.252256738000227632e+00
2.252072737519952739e+00
2.250983217641538747e+00
2.248034442546698042e+00
2.243686634094179677e+00
2.239996714766350649e+00
2.238115019356610613e+00
2.236267840506188875e+00
2.235971069111341691e+00
2.238294734092661109e+00
2.240548780568861975e+00
2.241390061691987956e+00
2.240094223696089237e+00
2.239032996515402552e+00
2.236326104955173033e+00
2.235023395777776756e+00
2.232727328080612583e+00
2.229600228684144092e+00
2.224292480679001649e+00
2.224410251279275386e+00
2.222454755093802969e+00
2.217654956969094204e+00
2.218025200182503820e+00
2.214559448555653010e+00
2.214348745181268896e+00
2.214597443391227216e+00
2.214245407049035386e+00
2.214851999799515969e+00
2.214794369476273950e+00
2.214549536599189850e+00
2.214095746446572033e+00
2.216004775372981683e+00
2.213865559075542944e+00
2.214604815914513303e+00
2.216174823104945624e+00
2.212127467896508826e+00
2.212667813741597378e+00
2.209115478226789886e+00
2.210471592168564925e+00
2.210583421757427391e+00
2.207318346759558736e+00
2.204521252147890742e+00
2.200445865984829386e+00
2.201940644771114730e+00
2.199911214534381987e+00
2.198367720289724048e+00
2.197905640818820672e+00
2.202401049186445192e+00
2.197879995212586479e+00
2.198728918764664364e+00
2.197845588047971699e+00
2.199987128457595809e+00
2.199424271331145153e+00
2.201651432232129224e+00
2.201386685246545571e+00
2.202548819501344290e+00
2.201066345574057337e+00
2.198946405435955320e+00
2.199231626208619783e+00
2.197662146767197289e+00
2.198268875353608820e+00
2.193801593120347171e+00
2.189222833164775839e+00
2.189839963676471601e+00
2.188659384736673541e+00
2.187967458915324404e+00
2.187521324334765094e+00
2.184756363363983489e+00
2.183023316858796470e+00
2.178823615651231282e+00
2.177243898447749348e+00
2.177671612621875585e+00
2.178761619704605135e+00
2.178825751650296016e+00
2.179471661492717427e+00
2.178435026495714411e+00
2.179805667573668782e+00
2.176567477943121443e+00
2.174587314913074998e+00
2.173575829394134740e+00
2.173710733313613641e+00
2.173654340973148802e+00
2.174269069657046582e+00
2.175657101949609373e+00
2.172912123034912213e+00
2.173309748569788535e+00
2.170578414021263391e+00
2.170786477583966256e+00
2.172223633115943020e+00
2.170750983303326720e+00
2.169667022180612026e+00
2.170344318873406397e+00
2.170620195961979526e+00
2.168076892967458758e+00
2.170137979614969570e+00
2.169562264091617454e+00
2.165033883541386484e+00
2.163498717270710081e+00
2.161649324580975584e+00
2.162308731576582321e+00
2.160654345286685096e+00
2.163456402780909560e+00
2.164568113709902430e+00
2.166701863674612927e+00
2.165664050057805934e+00
2.163889276993578470e+00
2.162517607408884324e+00
2.159087809064569097e+00
2.160983903746558799e+00
2.161746211007308016e+00
2.158988023888335217e+00
2.158414090746975766e+00
2.154956793988160424e+00
2.152731308780195807e+00
2.152660626771295327e+00
2.155734157742011270e+00
2.149933687884048705e+00
2.153082358073891367e+00
2.156777314442430260e+00
2.156805079120802660e+00
2.151354039175799038e+00
2.143761025671532039e+00
2.142381257624371482e+00
2.140023208101596186e+00
2.136757264858416772e+00
2.136603958023421956e+00
2.139595535425481199e+00
2.139338228498404160e+00
2.138210212652883246e+00
2.137626268298361776e+00
2.136960022006172633e+00
2.135777160280461384e+00
2.135438295670063713e+00
2.133758377134660211e+00
2.134160923868242854e+00
2.132802761216546994e+00
2.129582588057326031e+00
2.127082708703680769e+00
2.128387285347186797e+00
2.127858137047311082e+00
2.125742729142378717e+00
2.128057553837797489e+00
2.124893203776309747e+00
2.124742827336333573e+00
2.121170051114837918e+00
2.122803030177063288e+00
2.121694903153461542e+00
2.119241899722898115e+00
2.119120589650309583e+00
2.117708678169168746e+00
2.118421896187098863e+00
2.117884246055519171e+00
2.115375339805517285e+00
2.112863128731728768e+00
2.112491086897472670e+00
2.108809188507038357e+00
2.112263162526939020e+00
2.113112715124522811e+00
2.110462521108560363e+00
2.109794537870424147e+00
2.113586432193061970e+00
2.112416624909393192e+00
2.108152766427761726e+00
2.108120589923307087e+00
2.104046668540028087e+00
2.101561113488424226e+00
2.099608099236398129e+00
2.102642819271078878e+00
2.100120101338621037e+00
2.097991094217416475e+00
2.094627700834777340e+00
2.092020681387843695e+00
2.089913815748876136e+00
2.091701434170384122e+00
2.091428708905763934e+00
2.091872598202730860e+00
2.085594777412218104e+00
2.083356001705186422e+00
2.080723495879850837e+00
2.079799299697264292e+00
2.076881286433288398e+00
2.072903898008328749e+00
2.068091392973039788e+00
2.065875183744346089e+00
2.064739057793322896e+00
2.062290813070231543e+00
2.060847264003073498e+00
2.059070936914991545e+00
2.060449425174921689e+00
2.060362694910249370e+00
2.059440056677121156e+00
2.057088236842649298e+00
2.055960685572030044e+00
2.055145661730473972e+00
2.050020838994468519e+00
2.045282544083926179e+00
2.048902512613082649e+00
2.039398835143653610e+00
2.026315584836952954e+00
2.017584039174007415e+00
2.013271829921917000e+00
1.994737356922997140e+00
1.974986104959024491e+00
1.977597394921221996e+00
1.974532286546034188e+00
1.979742339673160156e+00
1.971154595602413462e+00
1.941924302976045791e+00
1.936292371281413294e+00
1.925800526803353119e+00
1.924436027120617787e+00
1.926425204175538974e+00
1.913546658316769289e+00
1.910555219298002427e+00
1.896217449542526801e+00
1.885311110870116380e+00
1.876052611137608350e+00
1.878021021807326552e+00
1.867921270420723978e+00
1.861362314110840854e+00
1.845138522488519284e+00
1.839904178849840477e+00
1.823049164314055615e+00
1.820320069112923766e+00
1.800369715287564842e+00
1.785853889298522956e+00
1.768068069567082512e+00
1.759922718839030065e+00
1.744144281891389259e+00
1.747795086043294921e+00
1.750277313805767010e+00
1.740693154842484214e+00
1.734091298489492949e+00
1.730946579214047709e+00
1.719497177281819722e+00
1.707330729015253956e+00
1.709887487631931435e+00
1.707764192741772824e+00
1.706685199138161524e+00
1.714256002949090751e+00
1.705933977728277817e+00
1.701350632632490756e+00
1.696238183551811884e+00
1.697753456215716827e+00
1.693167942407201032e+00
1.701250206908900386e+00
1.703758403500157614e+00
1.693060683630676300e+00
1.683530922092296045e+00
1.672848007573241702e+00
1.655692437276426787e+00
1.656635008283120269e+00
1.657105262516171740e+00
1.652593172744683647e+00
1.641562586609409902e+00
1.643244218357786890e+00
1.634322600735991227e+00
1.616462271170054921e+00
1.619530314511932634e+00
1.613019194579049964e+00
1.607406072959962184e+00
1.600106744686123239e+00
1.588672441339177732e+00
1.590375754949469700e+00
1.575917060443047246e+00
1.559945435645497591e+00
1.555450319548911553e+00
1.533199643112943100e+00
1.528224131131505903e+00
1.521921347173285533e+00
1.514757842004074151e+00
1.511296701860582292e+00
1.514701030838580653e+00
1.511006463184987991e+00
1.508602458972231997e+00
1.496676037811308202e+00
1.492134646346414462e+00
1.480894666829842610e+00
1.470242364920364642e+00
1.454293763511135040e+00
1.440395598636448504e+00
1.435544509325989759e+00
1.424162070382038126e+00
1.424474969768380284e+00
1.431222165459947737e+00
1.427336539209295596e+00
1.417087871666786070e+00
1.414918549432107708e+00
1.401691904315023107e+00
1.398130996396740544e+00
1.395379279390790428e+00
1.389671865570251574e+00
1.378393907046999489e+00
1.377750595802406997e+00
1.378568389892977031e+00
1.368455149700056328e+00
1.361636792811527163e+00
1.369985389523324271e+00
1.366475624460944394e+00
1.371252258630500487e+00
1.378924342361156352e+00
1.363540196652630376e+00
1.363442263843636759e+00
1.365293927392962292e+00
1.354631298552348539e+00
1.343503505544874077e+00
1.329170864678693054e+00
1.319210640169443449e+00
1.310998333351742096e+00
1.304738652330434068e+00
1.303060343874926419e+00
1.295597655192381126e+00
1.286073138444002728e+00
1.297072877091498100e+00
1.292669936797110841e+00
1.299767773923056424e+00
1.297794969320153147e+00
1.288872082298323729e+00
1.275446471489535272e+00
1.261090866077447359e+00
1.258726693469706781e+00
1.245168461594781784e+00
1.235508265450264709e+00
1.231614746175611286e+00
1.238688907397660577e+00
1.245150243571982562e+00
1.244805358304169829e+00
1.237622906949956691e+00
1.227445186378051556e+00
1.221469053892217049e+00
1.221225926124390071e+00
1.208656086794991813e+00
1.209671792806759960e+00
1.204848078653179444e+00
1.206459312588867627e+00
1.207367913687316330e+00
1.186766223339453585e+00
1.185058419139073616e+00
1.194958337896932177e+00
1.192866027819294406e+00
1.187816630469086032e+00
1.180124295217309882e+00
1.173106003741649861e+00
1.162573465365994929e+00
1.156906299491200718e+00
1.154501725001481738e+00
1.143390772996653482e+00
1.132635614857564699e+00
1.130579869273127036e+00
1.132725850132886514e+00
1.134524465084710165e+00
1.123728530652303270e+00
1.121571977881168802e+00
1.122975556142214559e+00
1.102837069469334574e+00
1.093192345477046246e+00
1.090977372924903266e+00
1.079925490781309838e+00
1.087191318832442244e+00
1.089195315478751036e+00
1.100676188729888816e+00
1.094952312010562201e+00
1.096271025657447717e+00
1.101628632323327750e+00
1.101150864843939869e+00
1.092710490867253581e+00
1.079797748161405835e+00
1.076048038465685641e+00
1.081322085290067347e+00
1.083052163308149130e+00
1.079244861341753792e+00
1.088261067185142261e+00
1.089384814732707207e+00
1.085490647280807464e+00
1.080422236344398046e+00
1.070705344796528902e+00
1.020716360104227283e+00
1.015267543512980986e+00
9.777172430552275584e-01
9.782241482698348367e-01
9.589121764289418870e-01
9.236121487167513466e-01
8.618520891415163421e-01
8.707962842567896766e-01
8.686827471697692316e-01
8.475821415223314670e-01
7.675424957768245404e-01
7.455095080580393940e-01
7.365180160043700575e-01
7.021320922425093869e-01
6.688350307775370318e-01
6.748248730686172703e-01
6.473102774394465797e-01
6.181551120495977214e-01
5.797267010685140942e-01
5.668980502402710675e-01
5.535868117581940195e-01
5.256918317184990919e-01
5.337532875698761670e-01
5.130816708001567639e-01
4.778955626508334942e-01
4.705810493401764716e-01
4.492929296242580972e-01
4.404397478382691689e-01
4.630085798787352269e-01
4.274139660183969847e-01
4.021941749092675655e-01
3.965203150855590164e-01
3.690395211182388446e-01
3.558237405454013347e-01
3.507412957910931439e-01
3.354319153814969146e-01
3.589227898698986174e-01
3.447932201242763783e-01
3.349532499738869240e-01
3.239153404299859318e-01
3.007441345970854885e-01
2.487710487766677803e-01
2.481544852562403147e-01
2.615299430011286952e-01
2.487409231540509413e-01
2.863336307944614467e-01
2.632470127146939731e-01
2.750928873598296742e-01
2.702540780346173732e-01
2.820904462094772636e-01
2.698841165185640323e-01
2.907526561903569506e-01
2.513534078750405132e-01
2.239807930890595766e-01
2.170789665412966030e-01
2.430608019667076791e-01
2.548126573288989616e-01
2.587129846858723936e-01
2.147424094026861296e-01
2.110063388082320801e-01
2.269095399826257242e-01
2.227297813518331338e-01
2.297199710652491622e-01
2.378560453323264601e-01
2.262563591408704444e-01
2.064498076403464277e-01
2.070017239099909145e-01
2.081582378253284682e-01
2.110439959590911241e-01
2.214433996859770382e-01
1.699636251131629305e-01
1.555992306637256073e-01
1.464864664175535014e-01
1.508976926940427954e-01
1.295100085373995513e-01
1.123904111569379166e-01
8.914970966835544797e-02
8.388167587177196294e-02
4.830815520717850198e-02
5.803927596619379292e-02
4.922451616114870143e-02
3.251769971155986372e-02
6.612962486581132338e-02
6.358023447256336280e-02
3.441720923034833485e-02
3.463002864652567174e-03
1.379881044245049281e-02
2.651723327466680435e-02
1.815691290251184031e-02
2.346448308286023035e-02
3.178491915178865979e-02
2.517391174295771292e-02
4.872345960449229844e-03
-2.468389686016265669e-02
-2.726401305456573401e-02
-1.459657380086134063e-02
-1.765901615615732625e-02
9.755853881468352614e-04
9.050224161342008272e-03
2.072556909071277334e-02
2.458044275139343801e-02
6.161889874358233640e-03
-3.604045690521206352e-02
-8.031725305693729420e-04
-2.349641594237272813e-02
6.953705069293139064e-03
-2.202472809798573100e-02
1.455188355176465984e-03
-3.463755198691875758e-02
-1.457342921435337071e-02
2.298169483282478352e-03
-1.415037701563711878e-02
-1.308313468572681014e-02
-1.950398102836376282e-02
-1.923455940051915780e-02
1.262952360362677197e-02
3.476319557554208989e-02
1.921033108654710345e-02
1.800688441112931887e-02
5.451533552747945405e-02
4.708165888437616797e-02
2.832498471627131406e-02
1.647821741115511329e-02
1.453859357996713404e-02
-2.123666349851235230e-02
2.242698457715846735e-02
8.066234475370817614e-03
1.424638608910675473e-02
7.987991156690590899e-03
-4.005910613791355095e-03
-1.743895866210346673e-02
9.393820976646051132e-03
2.507351863644663448e-02
6.881955188439614970e-03
2.056947173120082448e-02
3.348147558884972952e-02
4.277601418771652397e-02
3.504279612793584353e-02
9.914723202460796678e-03
-4.776818718098018932e-03
3.139816543976684665e-02
6.011292764360658819e-02
2.275888863700408632e-02
6.749279424432352500e-03
1.127754447357131977e-02
2.004723244831026208e-02
1.140295202233082041e-02
-2.194503695059940584e-02
-8.779234046600841584e-03
1.536302200455489687e-03
1.602459451694567341e-02
5.395445370072760732e-02
6.245348210649852988e-02
3.939004368166784675e-02
5.614895253427562571e-02
8.713613422912504236e-02
1.248392277345354434e-01
1.075370159424951233e-01
1.015801082665234861e-01
6.260835912226309086e-02
4.660630546675025715e-02
4.681041473844426565e-02
2.816118679609664471e-02
9.090532272380080422e-03
5.577858755840711842e-03
1.950546817647209885e-02
4.327951798484288432e-02
2.328281468983103841e-02
6.940987822468815301e-03
2.384376981428290229e-02
1.146978926275959813e-02
4.915664472926779133e-02
4.823506505629747421e-02
5.912856359014222185e-02
6.321545581931957425e-02
3.234152902816348624e-02
2.402158212598759501e-03
4.220806525289782368e-02
7.946985657795779812e-02
7.162404740249286861e-02
1.178831978423107163e-01
3.728607037560364990e-02
1.085717840896417707e-01
5.722276994188347371e-02
6.155401117650147191e-02
4.835010856519625019e-03
5.743444802518929415e-02
5.070923490511544673e-02
7.799908495712505260e-03
5.815114526330009831e-02
1.225996310481140480e-02
1.599390356078907172e-02
-1.717396362477602301e-02
1.610322469876018792e-02
9.349663879276874645e-02
6.108992900777782120e-02
2.038824292740459149e-02
5.221040850202696842e-02
4.726159221088284401e-02
-2.971554064102347945e-02
-3.135713880368283524e-02
-5.651500542135285549e-02
-1.547220432373170099e-02
-2.166129726516008436e-02
-4.631977602380894093e-02
-3.977362894769799484e-02
-7.220615406286481908e-02
-7.391114411963803366e-02
-5.796982854779200722e-02
1.861618065553214546e-02
2.045916661859402408e-02
-3.138748899838585127e-02
-1.131421454630781274e-02
1.567943412905144218e-02
3.830614666165774174e-02
6.289021006830695926e-02
1.488638657684308864e-02
1.569261294572921531e-02
2.207796603029724483e-02
4.387090816111664966e-03
1.097799128673215309e-02
2.385361066231301772e-02
4.059989325969497187e-02
1.980709069381288850e-02
6.606809676136397858e-02
-9.265457464027678641e-03
-3.919070104641636521e-02
-7.640150749695626825e-03
4.866712029556374830e-02
3.443418148972888365e-02
7.530267481615027236e-02
1.022726896208058373e-01
8.686354102318469272e-02
-3.039854575370559610e-03
-1.577925675216738238e-02
-9.838897354898059819e-03
2.121490253314511562e-02
2.153938431624488527e-03
-2.534434144052701010e-02
-6.904457890554903388e-02
1.623002489014786082e-02
-2.559035498593228986e-02
-5.857914963298875566e-02
-3.324467495656764637e-02
1.199698777169398538e-02
2.284450337208695711e-02
2.548636240509054990e-02
-7.416653152105118219e-02
6.343265655469751407e-02
7.031704546882265594e-02
4.213440475017613679e-02
2.844673315975592906e-02
-2.729173004532580576e-02
-1.397322294686547013e-02
-1.725681054038410642e-03
-4.294763858719485849e-02
-5.223280523594817093e-02
8.555141153698429465e-03
3.887871267047233320e-02
8.792682728818460025e-03
1.396811550411426696e-03
2.065071692994526961e-02
5.929286201590219102e-03
1.416528090612884094e-02
4.836514189158813010e-02
2.826576021639516916e-03
3.800469005538995027e-02
1.515660125101125390e-02
-1.831657557185096402e-02
-1.249302035921245370e-02
1.291166653231543872e-02
-6.030317355602655971e-02
-1.965751260163392175e-02
-5.276013208712848623e-02
-2.625259677403006878e-02
-1.623810214273374228e-02
-2.808020448532707464e-02
2.686494802451298153e-02
-4.604697041244874139e-02
5.210357405157358714e-03
-6.885470075481048280e-02
2.850669985119045138e-02
3.839312776194377975e-03
-5.536116391834058903e-02
-3.995551287636120441e-02
-6.823639299591652968e-04
-1.052534356429723171e-02
-5.735514852998253171e-02
-5.955719585529981042e-02
-6.207397553608104412e-02
-4.055473439924360546e-02
4.123379135271097728e-02
1.035344497477397180e-01
6.987908231726354391e-02
1.156202469590040249e-01
6.708092259805388535e-02
1.378800895910237689e-01
6.970744923142412064e-02
8.288637091709917526e-02
3.133939914155928208e-02
7.072842801607630292e-02
1.297887467095772684e-01
1.850066943605932213e-01
1.249251939877817769e-01
1.048350926921663706e-01
1.164669251684330442e-01
1.152233729414899321e-01
4.814272356579799711e-02
1.052836348681529810e-01
4.271930451361389408e-02
-7.648630671772215991e-03
-1.486429633796959061e-02
-6.813810194764301220e-02
-2.907846878444580487e-03
9.170450164251163147e-03
8.275763723457356391e-02
6.015440781337665771e-02
5.107244171416194800e-02
3.786912561086666629e-02
8.022480178517053806e-03
4.181454709702182165e-02
-4.124549937428682346e-03
2.868569522061082538e-02
4.637058936497045342e-02
2.849796138149255850e-03
2.860421094266682104e-02
1.285415633970990110e-02
2.852889215481776639e-02
2.140533671881555966e-02
1.333719458622495135e-01
6.793030456795953742e-02
6.780662301835582717e-02
-1.398554524875115015e-02
-2.891376980147248796e-02
-2.419807504331799447e-02
-3.006060473934729291e-02
-2.814573041395884712e-02
-9.661529987828612609e-03
-4.704256239767526382e-02
3.200602402454661571e-02
1.350263423473465479e-02
6.590769783517289038e-02
-6.096946217143173240e-04
-1.521673730343446260e-02
1.546722171104686350e-02
-1.778976153020514050e-03
-2.020240570458416499e-02
-3.395283102542773213e-02
3.529153864784617678e-02
6.815643003881904916e-02
-9.768687797760162040e-04
-6.295008172896914000e-02
1.728503012991248686e-02
1.691104070384449876e-02
4.532846916721706976e-02
1.399015770063302602e-03
-8.025897627165799048e-03
-1.015993691970445978e-01
-7.788532153664808055e-02
-2.454879409074229787e-02
-2.845294018065413350e-02
-5.524412313675381575e-02
8.719321027533718724e-03
-1.338189671606191365e-02
3.993020558854796370e-02
1.730952067423956187e-02
-1.889076839208196634e-02
3.105754532792669512e-02
-2.623606080412717659e-02
-4.777717054260095797e-02
1.520201837863290398e-02
6.879599353328741396e-03
-7.248447790280929115e-02
1.334562783198216807e-01
2.443620575490177901e-02
1.991793804889447489e-02
9.149543356862667454e-02
9.519317984338961092e-02
-6.702800456693630560e-02
3.832507469192235339e-02
1.003074432404847617e-04
-8.184549822901017457e-02
1.922025532460781491e-02
-8.585574376161661525e-02
-6.137067243343786310e-02
5.359263380939837534e-02
7.442957195779703605e-02
-3.214008039926406985e-05
3.563854173261821190e-02
-4.729901643313769860e-02
-5.437381421234283724e-02
4.699694179461211263e-02
5.031418166595679614e-02
-5.166487467235754416e-02
-2.443265441777539050e-03
-1.180449293083678068e-02
-7.903659016476567017e-03
1.068599399290149354e-01
2.156200109137892344e-03
5.789198358962147073e-02
-6.370219077849666178e-02
-7.117740501882945103e-02
-2.847301485755786982e-02
-3.158706922068414517e-03
6.233558121303742205e-02
-6.080610859896085074e-02
-4.221061848987742865e-02
7.999922017114290129e-02
-3.365028432814249487e-02
1.430557265270441525e-01
2.344076751352877283e-02
-9.351804917146247856e-03
4.935445747259680632e-02
3.467980180416791597e-02
-5.566849851172902403e-02
-1.119682517011214573e-01
-5.573800126968934954e-02
6.336469288710855352e-02
-7.422103324992061768e-02
-1.001025705014753908e-01
3.866759419436686940e-02
8.557539309386019699e-02
1.004090932682566856e-01
6.403950518130789582e-02
-1.142102823158901298e-01
-5.070340077733181267e-02
-7.982461362998594448e-03
-2.907149937135814280e-02
8.070054905221210606e-02
8.302960186992205949e-02
8.977826657644089048e-02
4.677584616445733950e-02
-5.552078958285180943e-02
-1.867948902107170392e-02
-2.851559365398647489e-02
-2.470685517922645638e-02
3.480457410224448850e-02
-1.000184529060395844e-01
-3.105243337366539805e-02
-4.069897709038118594e-02
-3.154778433104635498e-03
1.025509546552454132e-01
8.324650494719967875e-02
-9.082326086811250143e-02
-1.151023447302907364e-02
7.081250351574167046e-02
3.210643286898168247e-02
-5.093621460148285013e-02
-2.299238304218310935e-02
-8.036414474113146023e-02
-8.554031149651963872e-02
-1.595456056828269478e-02
-6.692059656238515120e-02
7.345036713185378041e-02
-1.278231140077628336e-01
-2.025337252198608218e-01
-1.116759828320364190e-01
-1.630272956311661775e-02
-4.212920884120868736e-02
-1.073043031707459835e-02
-4.560107731405089321e-02
-3.301408173709587807e-02
-1.925170118625813345e-02
-4.293580962969029136e-03
-5.778097696022251734e-02
-5.030776807159524633e-02
-7.491854249790541598e-02
4.222889127104442752e-02
-1.997928241013373005e-02
-2.046813624841931079e-02
2.949784952053165904e-02
-6.886034231883879364e-02
-1.190046618989227568e-02
-7.635887064890291287e-02
3.716968227456125817e-02
-4.766187908757980873e-02
-2.419165891885168354e-02
-1.053078920055387502e-01
3.851315351976743878e-02
1.804011381986838497e-02
1.700221781081847489e-02
-4.031409129455801321e-02
-4.920994290244417452e-02
3.841340525100270242e-02
2.536828323361449422e-02
2.849461498901493389e-02
4.132527508756963369e-02
9.249708299766248865e-02
-5.846352125364097374e-02
2.988732757976549428e-02
-9.578857923803067720e-02
-1.830490333604957789e-02
5.407153975945825503e-02
5.650984786965839585e-02
1.078442393920486381e-01
2.490256201967624636e-02
3.161820338273074738e-02
-2.749776492656140145e-02
1.464801105861677499e-01
-1.019915119829645916e-02
-6.514628311039365009e-03
-2.159718419206131321e-02
2.514031442559186424e-02
-2.734301296838906672e-02
-7.194064993383998685e-02
1.485222443584724994e-01
2.735056475360341313e-02
2.150322655096791134e-03
-4.374323497532586064e-02
9.935256070190413846e-02
9.549634302289252211e-03
-9.659161382438806454e-02
-1.266349873836611697e-02
1.128263159533318127e-01
4.870700343757670275e-02
-5.334904454859792748e-03
-7.466077109897947817e-02
2.661175684576684575e-02
-3.264532543510188789e-02
5.114992881272309444e-02
2.258819156712855297e-02
-1.502238507241519458e-02
4.663375878570569927e-02
3.330808852905994821e-02
-5.510582136292832556e-02
-9.532366194736482945e-02
2.073513465260686667e-02
6.591373269771139132e-02
5.116453661513364892e-02
7.378718667235237283e-02
-4.543908834350095932e-02
1.022984669734760821e-01
-6.737668120501667801e-02
-6.960259477821981178e-02
3.765747460837985238e-03
8.773700317885198274e-02
-1.027270194407444619e-03
6.653058368302590571e-03
-1.186496016218714783e-01
-2.009581315833712176e-02
6.950190801180058248e-03
3.322551769421359241e-02
5.786855809566587849e-02
-6.262279563825301487e-02
-2.166868007408333588e-02
-1.086613444082374785e-01
5.086634811361875896e-02
6.728066866020873671e-02
-2.709437501824233513e-02
-7.871830696410661576e-03
-8.081427506203987116e-03
-3.069159725335320402e-02
-1.049783529758680223e-01
1.260187243531378162e-02
-3.208040244599378449e-02
7.989315686754558388e-02
-6.687054197132411004e-02
1.201566407085803354e-02
2.651887940052516379e-02
-3.902393702707322026e-02
-4.374607929746614915e-02
1.995304475675008932e-02
-1.644455892595062321e-02
-5.848646655695227681e-02
-3.102947492621437736e-02
-4.387959616859894024e-02
3.754295228758956077e-02
7.065177436396471999e-02
-4.877919403438783774e-02
-1.200517087090523377e-01
-6.889978316256772928e-02
-3.048313724388944379e-02
5.355904639785898091e-02
-2.159457652522548537e-02
3.667917780894956042e-02
-1.683804679826777714e-02
1.370795162503591832e-02
5.176615079704546644e-03
6.637767195641947060e-02
-3.872341564762597863e-03
-2.190960295643624989e-02
1.272442110924188741e-01
1.486115320502644777e-01
3.417932601926061686e-02
-7.617786370192110301e-02
-1.026871716538254632e-02
-2.021194714323959127e-02
9.392202447769490425e-03
1.300506468751340058e-02
-3.839551554110381265e-02
-8.573065213916875038e-02
-8.687221656547609860e-03
1.323554008766661960e-01
4.304763010352974199e-03
1.484013010586988403e-02
6.073745751053809608e-03
1.841163112143850422e-01
9.394781078828840643e-03
-5.740116845970652526e-02
9.973414142697731299e-02
7.974846240424257604e-02
1.983872892428415260e-02
-7.313510138304817054e-02
1.657119894432717080e-02
2.672833155555215043e-02
9.036759931525331635e-02
2.723756838535302052e-02
1.349683647007046683e-02
1.034662060036936199e-01
-1.415862551296513672e-02
7.121010460723765922e-02
-8.847815430000295633e-02
-9.041339873028919616e-02
-1.493682311124739093e-01
-1.689889509669172118e-02
-7.209249128704505426e-03
-3.838669542429905268e-02
6.204432709372380977e-02
1.464332829201954282e-02
-2.075174944747587569e-02
