0.0
1.0000000000000006e-5
2.0000000000000012e-5
3.0000000000000018e-5
4.0000000000000024e-5
5.000000000000003e-5
6.0000000000000035e-5
7.000000000000005e-5
8.000000000000005e-5
9.000000000000005e-5
0.00010000000000000006
0.00011000000000000007
0.00012000000000000007
0.00013000000000000007
0.0001400000000000001
0.0001500000000000001
0.0001600000000000001
0.0001700000000000001
0.0001800000000000001
0.00019000000000000012
0.00020000000000000012
0.00021000000000000012
0.00022000000000000014
0.00023000000000000014
0.00024000000000000014
0.00025000000000000017
0.00026000000000000014
0.00027000000000000017
0.0002800000000000002
0.00029000000000000016
0.0003000000000000002
0.00031000000000000016
0.0003200000000000002
0.0003300000000000002
0.0003400000000000002
0.0003500000000000002
0.0003600000000000002
0.0003700000000000002
0.00038000000000000024
0.0003900000000000002
0.00040000000000000024
0.00041000000000000026
0.00042000000000000023
0.00043000000000000026
0.0004400000000000003
0.00045000000000000026
0.0004600000000000003
0.00047000000000000026
0.0004800000000000003
0.0004900000000000003
0.0005000000000000003
0.0005100000000000003
0.0005200000000000003
0.0005300000000000003
0.0005400000000000003
0.0005500000000000004
0.0005600000000000004
0.0005700000000000003
0.0005800000000000003
0.0005900000000000004
0.0006000000000000004
0.0006100000000000004
0.0006200000000000003
0.0006300000000000004
0.0006400000000000004
0.0006500000000000004
0.0006600000000000004
0.0006700000000000003
0.0006800000000000004
0.0006900000000000004
0.0007000000000000004
0.0007100000000000005
0.0007200000000000004
0.0007300000000000004
0.0007400000000000004
0.0007500000000000004
0.0007600000000000005
0.0007700000000000005
0.0007800000000000004
0.0007900000000000004
0.0008000000000000005
0.0008100000000000005
0.0008200000000000005
0.0008300000000000004
0.0008400000000000005
0.0008500000000000005
0.0008600000000000005
0.0008700000000000005
0.0008800000000000006
0.0008900000000000005
0.0009000000000000005
0.0009100000000000005
0.0009200000000000006
0.0009300000000000006
0.0009400000000000005
0.0009500000000000005
0.0009600000000000006
0.0009700000000000006
0.0009800000000000006
0.0009900000000000006
0.0010000000000000007
0.0010100000000000007
0.0010200000000000005
0.0010300000000000005
0.0010400000000000006
0.0010500000000000006
0.0010600000000000006
0.0010700000000000006
0.0010800000000000007
0.0010900000000000007
0.0011000000000000007
0.0011100000000000007
0.0011200000000000008
0.0011300000000000006
0.0011400000000000006
0.0011500000000000006
0.0011600000000000007
0.0011700000000000007
0.0011800000000000007
0.0011900000000000007
0.0012000000000000008
0.0012100000000000008
0.0012200000000000008
0.0012300000000000006
0.0012400000000000007
0.0012500000000000007
0.0012600000000000007
0.0012700000000000007
0.0012800000000000008
0.0012900000000000008
0.0013000000000000008
0.0013100000000000008
0.0013200000000000009
0.0013300000000000009
0.0013400000000000007
0.0013500000000000007
0.0013600000000000007
0.0013700000000000008
0.0013800000000000008
0.0013900000000000008
0.0014000000000000009
0.0014100000000000009
0.001420000000000001
0.001430000000000001
0.0014400000000000007
0.0014500000000000008
0.0014600000000000008
0.0014700000000000008
0.0014800000000000008
0.0014900000000000009
0.001500000000000001
0.001510000000000001
0.001520000000000001
0.001530000000000001
0.001540000000000001
0.0015500000000000008
0.0015600000000000008
0.0015700000000000009
0.0015800000000000009
0.001590000000000001
0.001600000000000001
0.001610000000000001
0.001620000000000001
0.001630000000000001
0.001640000000000001
0.001650000000000001
0.0016600000000000009
0.001670000000000001
0.001680000000000001
0.001690000000000001
0.001700000000000001
0.001710000000000001
0.001720000000000001
0.001730000000000001
0.001740000000000001
0.0017500000000000011
0.0017600000000000011
0.001770000000000001
0.001780000000000001
0.001790000000000001
0.001800000000000001
0.001810000000000001
0.001820000000000001
0.0018300000000000011
0.0018400000000000011
0.0018500000000000012
0.0018600000000000012
0.001870000000000001
0.001880000000000001
0.001890000000000001
0.001900000000000001
0.001910000000000001
0.0019200000000000011
0.0019300000000000012
0.0019400000000000012
0.0019500000000000012
0.0019600000000000012
0.0019700000000000013
0.0019800000000000013
0.002080000000000001
0.0021800000000000014
0.002280000000000001
0.0023800000000000015
0.0024800000000000013
0.0025800000000000016
0.0026800000000000014
0.0027800000000000017
0.0028800000000000015
0.0029800000000000017
0.003080000000000002
0.003180000000000002
0.003280000000000002
0.003380000000000002
0.003480000000000002
0.003580000000000002
0.0036800000000000023
0.003780000000000002
0.0038800000000000024
0.003980000000000003
0.004080000000000002
0.004180000000000002
0.0042800000000000026
0.004380000000000003
0.004480000000000003
0.0045800000000000025
0.004680000000000003
0.004780000000000003
0.004880000000000003
0.004980000000000003
0.005080000000000003
0.005180000000000003
0.0052800000000000034
0.005380000000000003
0.005480000000000003
0.005580000000000003
0.005680000000000004
0.005780000000000003
0.005880000000000003
0.0059800000000000035
0.006080000000000004
0.006180000000000004
0.0062800000000000035
0.006380000000000004
0.006480000000000004
0.006580000000000004
0.006680000000000004
0.006780000000000004
0.006880000000000004
0.006980000000000004
0.007080000000000004
0.007180000000000004
0.007280000000000004
0.007380000000000005
0.007480000000000004
0.007580000000000004
0.0076800000000000045
0.007780000000000005
0.007880000000000005
0.007980000000000004
0.008080000000000006
0.008180000000000005
0.008280000000000004
0.008380000000000006
0.008480000000000005
0.008580000000000004
0.008680000000000005
0.008780000000000005
0.008880000000000006
0.008980000000000005
0.009080000000000005
0.009180000000000006
0.009280000000000005
0.009380000000000006
0.009480000000000006
0.009580000000000005
0.009680000000000006
0.009780000000000006
0.009880000000000005
0.009980000000000006
0.010080000000000006
0.010180000000000007
0.010280000000000006
0.010380000000000006
0.010480000000000007
0.010580000000000006
0.010680000000000005
0.010780000000000007
0.010880000000000006
0.010980000000000007
0.011080000000000007
0.011180000000000006
0.011280000000000007
0.011380000000000006
0.011480000000000008
0.011580000000000007
0.011680000000000006
0.011780000000000007
0.011880000000000007
0.011980000000000006
0.012080000000000007
0.012180000000000007
0.012280000000000008
0.012380000000000007
0.012480000000000007
0.012580000000000008
0.012680000000000007
0.012780000000000008
0.012880000000000008
0.012980000000000007
0.013080000000000008
0.013180000000000008
0.013280000000000007
0.013380000000000008
0.013480000000000008
0.013580000000000009
0.013680000000000008
0.013780000000000008
0.013880000000000009
0.013980000000000008
0.01408000000000001
0.014180000000000009
0.014280000000000008
0.014380000000000009
0.014480000000000008
0.014580000000000008
0.014680000000000009
0.014780000000000008
0.01488000000000001
0.014980000000000009
0.015080000000000008
0.01518000000000001
0.015280000000000009
0.015380000000000008
0.01548000000000001
0.015580000000000009
0.01568000000000001
0.01578000000000001
0.01588000000000001
0.015980000000000008
0.01608000000000001
0.01618000000000001
0.01628000000000001
0.01638000000000001
0.01648000000000001
0.01658000000000001
0.01668000000000001
0.01678000000000001
0.01688000000000001
0.01698000000000001
0.01708000000000001
0.01718000000000001
0.01728000000000001
0.01738000000000001
0.01748000000000001
0.01758000000000001
0.01768000000000001
0.01778000000000001
0.01788000000000001
0.01798000000000001
0.01808000000000001
0.018180000000000012
0.01828000000000001
0.01838000000000001
0.01848000000000001
0.01858000000000001
0.018680000000000013
0.018780000000000012
0.01888000000000001
0.01898000000000001
0.01908000000000001
0.019180000000000013
0.019280000000000012
0.019380000000000012
0.01948000000000001
0.01958000000000001
0.01968000000000001
0.019780000000000013
0.019880000000000012
0.01998000000000001
0.020980000000000013
0.021980000000000013
0.022980000000000014
0.023980000000000015
0.024980000000000016
0.025980000000000017
0.026980000000000014
0.027980000000000015
0.028980000000000016
0.029980000000000017
0.030980000000000018
0.03198000000000002
0.032980000000000016
0.03398000000000002
0.03498000000000002
0.03598000000000002
0.03698000000000002
0.03798000000000002
0.03898000000000002
0.03998000000000002
0.04098000000000002
0.041980000000000024
0.042980000000000025
0.043980000000000026
0.04498000000000003
0.04598000000000003
0.04698000000000003
0.04798000000000003
0.04898000000000003
0.04998000000000003
0.05098000000000003
0.05198000000000003
0.052980000000000034
0.053980000000000035
0.054980000000000036
0.05598000000000003
0.05698000000000003
0.05798000000000003
0.05898000000000003
0.05998000000000003
0.060980000000000034
0.061980000000000035
0.06298000000000004
0.06398000000000004
0.06498000000000004
0.06598000000000004
0.06698000000000004
0.06798000000000004
0.06898000000000004
0.06998000000000004
0.07098000000000004
0.07198000000000004
0.07298000000000004
0.07398000000000005
0.07498000000000005
0.07598000000000005
0.07698000000000005
0.07798000000000005
0.07898000000000005
0.07998000000000005
0.08098000000000005
0.08198000000000005
0.08298000000000005
0.08398000000000005
0.08498000000000006
0.08598000000000006
0.08698000000000006
0.08798000000000006
0.08898000000000006
0.08998000000000006
0.09098000000000005
0.09198000000000005
0.09298000000000005
0.09398000000000005
0.09498000000000005
0.09598000000000005
0.09698000000000005
0.09798000000000005
0.09898000000000005
0.09998000000000005
0.10098000000000006
0.10198000000000006
0.10298000000000006
0.10398000000000006
0.10498000000000006
0.10598000000000006
0.10698000000000006
0.10798000000000006
0.10898000000000006
0.10998000000000006
0.11098000000000006
0.11198000000000007
0.11298000000000007
0.11398000000000007
0.11498000000000007
0.11598000000000007
0.11698000000000007
0.11798000000000007
0.11898000000000007
0.11998000000000007
0.12098000000000007
0.12198000000000007
0.12298000000000008
0.12398000000000008
0.12498000000000008
0.12598000000000006
0.12698000000000007
0.12798000000000007
0.12898000000000007
0.12998000000000007
0.13098000000000007
0.13198000000000007
0.13298000000000007
0.13398000000000007
0.13498000000000007
0.13598000000000007
0.13698000000000007
0.13798000000000007
0.13898000000000008
0.13998000000000008
0.14098000000000008
0.14198000000000008
0.14298000000000008
0.14398000000000008
0.14498000000000008
0.14598000000000008
0.14698000000000008
0.14798000000000008
0.14898000000000008
0.14998000000000009
0.1509800000000001
0.1519800000000001
0.1529800000000001
0.1539800000000001
0.1549800000000001
0.1559800000000001
0.1569800000000001
0.1579800000000001
0.1589800000000001
0.1599800000000001
0.1609800000000001
0.1619800000000001
0.1629800000000001
0.1639800000000001
0.1649800000000001
0.1659800000000001
0.1669800000000001
0.1679800000000001
0.1689800000000001
0.1699800000000001
0.1709800000000001
0.1719800000000001
0.1729800000000001
0.1739800000000001
0.1749800000000001
0.1759800000000001
0.1769800000000001
0.1779800000000001
0.1789800000000001
0.1799800000000001
0.1809800000000001
0.18198000000000011
0.18298000000000011
0.18398000000000012
0.18498000000000012
0.18598000000000012
0.18698000000000012
0.18798000000000012
0.18898000000000012
0.18998000000000012
0.19098000000000012
0.19198000000000012
0.19298000000000012
0.19398000000000012
0.19498000000000013
0.19598000000000013
0.19698000000000013
0.19798000000000013
0.19898000000000013
0.19998000000000013
0.2099800000000001
0.21998000000000012
0.22998000000000013
0.23998000000000014
0.24998000000000015
0.25998000000000016
0.26998000000000016
0.2799800000000002
0.2899800000000002
0.2999800000000002
0.3099800000000002
0.3199800000000002
0.3299800000000002
0.3399800000000002
0.3499800000000002
0.3599800000000002
0.3699800000000002
0.3799800000000002
0.3899800000000002
0.3999800000000002
0.40998000000000023
0.41998000000000024
0.42998000000000025
0.43998000000000026
0.44998000000000027
0.4599800000000003
0.4699800000000003
0.4799800000000003
0.4899800000000003
0.4999800000000003
0.5099800000000003
0.5199800000000003
0.5299800000000003
0.5399800000000003
0.5499800000000004
0.5599800000000004
0.5699800000000004
0.5799800000000004
0.5899800000000004
0.5999800000000004
0.6099800000000004
0.6199800000000004
0.6299800000000003
0.6399800000000003
0.6499800000000003
0.6599800000000003
0.6699800000000004
0.6799800000000004
0.6899800000000004
0.6999800000000004
0.7099800000000004
0.7199800000000004
0.7299800000000004
0.7399800000000004
0.7499800000000004
0.7599800000000004
0.7699800000000004
0.7799800000000005
0.7899800000000005
0.7999800000000005
0.8099800000000005
0.8199800000000005
0.8299800000000005
0.8399800000000005
0.8499800000000005
0.8599800000000005
0.8699800000000005
0.8799800000000005
0.8899800000000005
0.8999800000000006
0.9099800000000006
0.9199800000000006
0.9299800000000006
0.9399800000000006
0.9499800000000006
0.9599800000000006
0.9699800000000006
0.9799800000000006
0.9899800000000006
0.9999800000000005
1.0099800000000005
1.0199800000000006
1.0299800000000006
1.0399800000000006
1.0499800000000006
1.0599800000000006
1.0699800000000006
1.0799800000000006
1.0899800000000006
1.0999800000000006
1.1099800000000006
1.1199800000000006
1.1299800000000007
1.1399800000000007
1.1499800000000007
1.1599800000000007
1.1699800000000007
1.1799800000000007
1.1899800000000007
1.1999800000000007
1.2099800000000007
1.2199800000000007
1.2299800000000007
1.2399800000000007
1.2499800000000008
1.2599800000000008
1.2699800000000008
1.2799800000000008
1.2899800000000008
1.2999800000000008
1.3099800000000008
1.3199800000000008
1.3299800000000008
1.3399800000000008
1.3499800000000008
1.3599800000000009
1.3699800000000009
1.3799800000000009
1.3899800000000009
1.399980000000001
1.409980000000001
1.419980000000001
1.429980000000001
1.439980000000001
1.449980000000001
1.459980000000001
1.469980000000001
1.479980000000001
1.489980000000001
1.499980000000001
1.509980000000001
1.519980000000001
1.529980000000001
1.539980000000001
1.549980000000001
1.5599800000000008
1.5699800000000008
1.5799800000000008
1.5899800000000008
1.5999800000000008
1.6099800000000009
1.6199800000000009
1.6299800000000009
1.6399800000000009
1.649980000000001
1.659980000000001
1.669980000000001
1.679980000000001
1.689980000000001
1.699980000000001
1.709980000000001
1.719980000000001
1.729980000000001
1.739980000000001
1.749980000000001
1.759980000000001
1.769980000000001
1.779980000000001
1.789980000000001
1.799980000000001
1.809980000000001
1.819980000000001
1.829980000000001
1.839980000000001
1.849980000000001
1.859980000000001
1.869980000000001
1.879980000000001
1.889980000000001
1.8999800000000011
1.9099800000000011
1.9199800000000011
1.9299800000000011
1.9399800000000011
1.9499800000000012
1.9599800000000012
1.9699800000000012
1.9799800000000012
1.9899800000000012
1.9999800000000012
2.0999800000000013
2.1999800000000014
2.2999800000000015
2.3999800000000016
2.4999800000000016
2.5999800000000017
2.6999800000000014
2.7999800000000015
2.8999800000000016
2.9999800000000016
3.0999800000000017
3.199980000000002
3.299980000000002
3.399980000000002
3.499980000000002
3.599980000000002
3.6999800000000023
3.7999800000000024
3.8999800000000024
3.9999800000000025
4.099980000000002
4.199980000000003
4.299980000000002
4.399980000000003
4.4999800000000025
4.599980000000003
4.699980000000003
4.799980000000003
4.899980000000003
4.9999800000000025
5.099980000000003
5.199980000000003
5.299980000000003
5.399980000000003
5.499980000000003
5.599980000000003
5.699980000000004
5.799980000000003
5.899980000000004
5.999980000000003
6.099980000000004
6.199980000000004
6.299980000000004
6.399980000000004
6.499980000000003
6.599980000000004
6.699980000000004
6.799980000000004
6.899980000000004
6.999980000000004
7.099980000000004
7.1999800000000045
7.299980000000004
7.399980000000005
7.499980000000004
7.599980000000005
7.6999800000000045
7.799980000000005
7.899980000000005
7.999980000000004
8.099980000000004
8.199980000000005
8.299980000000005
8.399980000000005
8.499980000000004
8.599980000000006
8.699980000000005
8.799980000000005
8.899980000000005
8.999980000000006
9.099980000000006
9.199980000000005
9.299980000000005
9.399980000000005
9.499980000000006
9.599980000000006
9.699980000000005
9.799980000000005
9.899980000000006
9.999980000000006
10.099980000000006
10.199980000000005
10.299980000000007
10.399980000000006
10.499980000000006
10.599980000000006
10.699980000000007
10.799980000000007
10.899980000000006
10.999980000000006
11.099980000000006
11.199980000000007
11.299980000000007
11.399980000000006
11.499980000000006
11.599980000000008
11.699980000000007
11.799980000000007
11.899980000000006
11.999980000000008
12.099980000000008
12.199980000000007
12.299980000000007
12.399980000000006
12.499980000000008
12.599980000000008
12.699980000000007
12.799980000000007
12.899980000000008
12.999980000000008
13.099980000000008
13.199980000000007
13.299980000000009
13.399980000000008
13.499980000000008
13.599980000000008
13.699980000000009
13.799980000000009
13.899980000000008
13.999980000000008
14.099980000000008
14.199980000000009
14.299980000000009
14.399980000000008
14.499980000000008
14.59998000000001
14.699980000000009
14.799980000000009
14.899980000000008
14.99998000000001
15.09998000000001
15.199980000000009
15.299980000000009
15.399980000000008
15.49998000000001
15.59998000000001
15.699980000000009
15.799980000000009
15.89998000000001
15.99998000000001
16.09998000000001
16.19998000000001
16.29998000000001
16.39998000000001
16.49998000000001
16.59998000000001
16.69998000000001
16.79998000000001
16.89998000000001
16.99998000000001
17.09998000000001
17.19998000000001
17.29998000000001
17.39998000000001
17.49998000000001
17.59998000000001
17.69998000000001
17.799980000000012
17.89998000000001
17.99998000000001
18.09998000000001
18.19998000000001
18.299980000000012
18.39998000000001
18.49998000000001
18.59998000000001
18.69998000000001
18.799980000000012
18.89998000000001
18.99998000000001
19.099980000000013
19.19998000000001
19.299980000000012
19.39998000000001
19.49998000000001
19.599980000000013
19.69998000000001
19.799980000000012
19.89998000000001
19.99998000000001
20.99998000000001
21.99998000000001
22.999980000000015
23.999980000000015
24.999980000000015
25.999980000000015
26.999980000000015
27.999980000000015
28.99998000000002
29.99998000000002
30.99998000000002
31.99998000000002
32.99998000000002
33.99998000000002
34.99998000000002
35.99998000000002
36.99998000000002
37.99998000000002
38.99998000000002
39.99998000000002
40.99998000000002
41.99998000000002
42.99998000000002
43.99998000000003
44.99998000000003
45.99998000000003
46.99998000000003
47.99998000000003
48.99998000000003
49.99998000000003
50.99998000000003
51.99998000000003
52.99998000000003
53.99998000000003
54.99998000000003
55.999980000000036
56.999980000000036
57.999980000000036
58.999980000000036
59.999980000000036
60.999980000000036
61.999980000000036
62.999980000000036
63.999980000000036
64.99998000000004
65.99998000000004
66.99998000000004
67.99998000000004
68.99998000000004
69.99998000000004
70.99998000000004
71.99998000000004
72.99998000000004
73.99998000000005
74.99998000000005
75.99998000000005
76.99998000000005
77.99998000000005
78.99998000000005
79.99998000000005
80.99998000000005
81.99998000000005
82.99998000000005
83.99998000000005
84.99998000000005
85.99998000000005
86.99998000000005
87.99998000000005
88.99998000000005
89.99998000000005
90.99998000000005
91.99998000000005
92.99998000000005
93.99998000000005
94.99998000000005
95.99998000000005
96.99998000000005
97.99998000000006
98.99998000000006
99.99998000000006
